População residente projetada em 01 de julho segundo ano, sexo, faixa etária e local de residência. Município de São Paulo
Populacao por Dist Adm (DA) e Faixa Etária
Período:2000
"Dist Adm (DA)";"00 a 04";"05 a 09";"10 a 14";"15 a 19";"20 a 24";"25 a 29";"30 a 34";"35 a 39";"40 a 44";"45 a 49";"50 a 54";"55 a 59";"60 a 64";"65 a 69";"70 a 74";"75 e mais";"Total"
"Água Rasa";4834;4969;5879;6978;7493;6700;6437;6826;6360;5803;4977;3929;3887;3590;3232;4098;85992
"Alto de Pinheiros";1876;2097;2516;3222;4281;3881;3288;3504;3331;3263;2965;2517;2374;1810;1495;2093;44513
"Anhanguera";4408;4106;3898;3519;3455;3760;4137;3406;2549;1758;1109;734;457;286;214;241;38037
"Aricanduva";7197;6934;7839;8887;9069;8202;7590;7375;6688;5817;5037;3946;3550;2730;1934;2050;94845
"Artur Alvim";8373;7904;8923;10590;11384;10015;8699;8303;7558;7319;6271;4813;3976;2958;2152;2056;111294
"Barra Funda";693;690;803;1007;1285;1164;934;932;941;821;779;611;528;477;494;833;12992
"Bela Vista";3116;2716;2997;4232;6761;7107;6012;5201;4802;4321;3757;2775;2335;2108;2007;3029;63276
"Belém";2476;2280;2634;3223;3617;3183;2856;3021;2926;2587;2116;1623;1715;1615;1578;2262;39712
"Bom Retiro";1899;1734;1802;2134;2674;2539;2170;2037;1863;1579;1335;1048;1079;857;814;1114;26678
"Brás";2035;1757;1708;2024;2497;2410;2251;2287;2014;1552;1154;839;705;643;584;770;25230
"Brasilândia";27200;23952;23968;25386;25097;23266;21316;18776;15413;12155;9375;6559;5139;3745;2638;2921;246906
"Butantã";2693;2655;3308;4311;5074;4677;4131;4082;3940;3700;3351;2636;2362;1971;1615;2199;52705
"Cachoeirinha";14682;13781;13828;15056;14580;13397;12713;11448;9947;7865;5967;4092;3374;2608;1963;2157;147458
"Cambuci";1726;1524;1795;2308;2607;2294;2225;2155;2117;1895;1620;1281;1271;1119;1170;1683;28790
"Campo Belo";3585;3478;4019;5164;6537;5898;5114;5147;4785;4476;4272;3662;3169;2452;2124;2874;66756
"Campo Grande";6097;6233;7120;7886;8251;7777;8019;8390;7450;6291;4911;3649;3022;2299;1782;2121;91298
"Campo Limpo";18875;17025;17786;19691;20279;18770;16940;15105;12985;10330;7685;5159;3865;2729;1928;2087;191239
"Cangaíba";11686;11138;12314;13091;12718;12212;11707;11551;9981;8045;6357;4728;3869;3028;2353;2465;137243
"Capão Redondo";24127;22238;23432;25691;26232;23560;21104;18214;15588;12696;9642;6447;4547;2837;1826;2172;240353
"Carrão";4832;4889;5869;6540;6478;6089;5898;6369;5843;5111;4432;3622;3478;3015;2545;3259;78269
"Casa Verde";5579;5440;6403;7849;7932;6889;6402;6543;6285;5429;4456;3452;3266;2685;2369;2774;83753
"Cidade Ademar";22697;21080;22669;25423;25587;22904;21040;18475;15934;13156;10502;7586;5910;4208;2914;3212;243297
"Cidade Dutra";17443;16599;18196;20119;19622;17491;16103;15064;13371;10837;8678;5750;4343;2988;2162;2437;191203
"Cidade Líder";10404;10054;10754;12037;11963;10697;9976;8856;8171;6984;5502;3772;2712;1936;1345;1503;116666
"Cidade Tiradentes";22092;20318;20307;20634;18322;16829;16064;14432;13079;10387;6799;3969;2620;1670;1047;931;189500
"Consolação";2020;1986;2282;3613;5691;5154;4300;4273;4157;3920;3608;2881;2428;2262;2228;3829;54632
"Cursino";6466;6413;7853;8962;9185;8323;7940;8367;7965;6806;5477;4113;4153;3635;3001;3523;102182
"Ermelino Matarazzo";9829;9187;9901;10604;10808;9943;9369;8534;7326;6152;4532;3248;2544;1866;1375;1530;106748
"Freguesia do Ó";10813;10511;11785;13487;13567;12188;11920;11933;11186;9185;7246;5305;4805;4082;3303;3702;145018
"Grajaú";37058;33973;33320;35889;35405;32817;29869;25559;21217;16183;11634;7213;4688;3006;1977;2029;331837
"Guaianases";10628;9944;9898;10421;10112;9181;8340;7207;6276;5148;3676;2539;1912;1259;877;973;98391
"Iguatemi";11088;10550;10596;10867;9776;9114;9130;8024;6783;5203;3782;2433;1629;1043;615;670;101303
"Ipiranga";6439;6291;6890;8262;9000;8519;7751;7564;7255;6420;5320;3960;3888;3470;3355;4522;98906
"Itaim Bibi";3533;3489;4262;5865;7322;7105;6283;6730;6457;6208;5503;4278;3333;3306;3301;4705;81680
"Itaim Paulista";22792;21729;22125;22945;20558;19357;18331;16075;13760;10749;7989;5368;4044;2793;1749;1889;212253
"Itaquera";19793;18367;18823;20104;20089;18933;17508;15530;13244;10939;8614;6166;4896;3431;2342;2512;201291
"Jabaquara";16725;15721;17320;19646;20387;19451;18727;17869;15861;12803;10115;7730;6789;5343;4448;5202;214137
"Jaçanã";7831;7451;7814;9038;8951;7846;7066;6998;6357;5287;4424;3229;3030;2379;1809;2269;91779
"Jaguara";1621;1675;1959;2390;2444;2125;1885;1988;1908;1733;1526;1098;945;881;731;844;25753
"Jaguaré";3607;3308;3388;3912;4326;4091;3801;3273;2750;2342;2004;1656;1393;1003;778;871;42503
"Jaraguá";14636;13667;14530;15102;14312;13121;12713;11825;10178;8116;6046;3975;2718;1817;1269;1302;145327
"Jardim Ângela";27901;25022;24458;26161;26330;25526;22569;18081;14991;11601;8491;5286;3625;2162;1452;1469;245125
"Jardim Helena";15207;14123;14062;14730;13975;13039;11917;10380;8577;6757;5193;3584;2853;1863;1343;1321;138924
"Jardim Paulista";3002;3022;3574;5349;8000;7550;6252;6372;6294;6364;6012;4867;3938;3389;3571;6288;83844
"Jardim São Luís";23375;21025;22115;25218;25540;23842;21584;18701;15810;12672;9636;6422;4889;3357;2264;2408;238858
"José Bonifácio";9019;8473;9454;11669;11970;9454;8024;7260;7584;7529;6066;3701;2654;1737;1274;1201;107069
"Lajeado";18108;16986;16694;16560;15596;14748;13662;11693;9591;7359;5420;3698;2733;1856;1262;1350;157316
"Lapa";2732;2851;3492;4457;5056;4648;4402;4783;4612;4267;3758;3030;2952;2768;2593;3880;60281
"Liberdade";3351;3130;3644;4788;6174;6123;5257;4980;4804;4249;3693;2728;2301;2004;1930;2850;62006
"Limão";6274;5946;6646;7757;8239;6943;6233;6221;6007;5320;4250;3096;2787;2289;1907;2218;82133
"Mandaqui";7382;7232;8138;9184;9366;8833;8824;8996;8022;6532;5361;4098;3555;2950;2189;2478;103140
"Marsilac";1036;952;963;902;731;594;606;596;521;386;297;227;207;165;96;101;8380
"Moema";3198;3092;3773;4977;6414;6056;5630;6184;6000;5919;5138;3574;2753;2502;2499;3633;71342
"Moóca";3153;3220;3939;4734;5159;4789;4652;5176;4877;4317;3594;3050;3110;3042;2771;3784;63367
"Morumbi";2304;2234;2369;2863;3425;3221;2960;2814;2570;2305;2137;1677;1262;892;696;911;34640
"Parelheiros";12387;11324;10906;10804;10161;9434;9022;7517;6442;4798;3444;2158;1483;1013;640;741;102274
"Pari";929;805;914;1188;1414;1302;1167;1077;1018;926;775;704;648;603;612;795;14877
"Parque do Carmo";6132;5779;6264;6773;6548;5942;5603;4846;4210;3549;2788;1823;1384;973;628;743;63985
"Pedreira";13544;12437;12594;13390;13485;12357;11464;9698;8110;6394;4685;3074;2116;1499;1024;1118;126989
"Penha";8184;7953;9104;10819;10990;10089;9608;9860;9103;7971;6807;5350;5113;4587;3965;4889;124392
"Perdizes";4601;4775;5883;7707;9554;8414;7733;8532;8649;7967;6829;4967;4186;3787;3598;5339;102521
"Perus";7746;7010;6812;6828;7053;6937;6524;5405;4473;3366;2688;1746;1386;1014;661;779;70428
"Pinheiros";2578;2467;3131;4336;5562;5517;4993;5275;4889;4835;4076;3241;2839;2471;2798;4130;63138
"Pirituba";12812;12225;13694;15297;15042;14089;13749;13429;12197;10071;7979;5720;5006;3923;3071;3432;161736
"Ponte Rasa";7612;7429;8288;9621;9241;8362;8084;7860;7263;6114;4894;3709;3278;2441;1950;2026;98172
"Raposo Tavares";8572;7982;8308;9750;9719;8808;7919;6896;6128;5197;4143;2704;1892;1276;834;1013;91141
"República";2541;2074;2170;3162;4870;5394;4809;4203;3826;3251;2881;2190;1909;1469;1248;1813;47810
"Rio Pequeno";9567;8730;9744;11171;11164;10059;9371;9004;7930;6742;5236;3716;3272;2461;1715;1808;111690
"Sacomã";18718;17757;19173;21557;22017;20680;20217;19139;16915;13484;10176;7520;6630;5304;4202;4670;228159
"Santa Cecília";3699;3257;3710;4963;6874;6858;6055;5789;5541;5024;4370;3280;2901;2598;2487;3908;71314
"Santana";6199;6467;7977;9662;12639;11161;9958;10286;9907;8963;7068;5395;5012;4578;4168;5349;124789
"Santo Amaro";2553;2738;3472;4636;5725;4709;4266;4555;4530;4546;4286;3690;3061;2474;2275;3157;60673
"São Domingos";6656;6081;6647;7599;8303;7686;7276;6711;5830;4848;4051;3283;2690;1996;1521;1546;82724
"São Lucas";9828;9889;11126;12345;12521;11611;11449;11923;10379;8787;7298;5721;5329;4280;3458;3525;139469
"São Mateus";13949;13220;14368;15645;14896;13897;13385;12525;10816;8775;7046;5007;4082;3084;2043;2101;154839
"São Miguel";8892;8202;8879;9528;9304;8756;8346;7537;6493;5148;4167;3376;2933;2340;1674;1866;97441
"São Rafael";13733;12387;12091;12457;12437;12300;11341;9488;7626;6180;4935;3540;2513;1627;1007;1069;124731
"Sapopemba";26088;25081;26843;29199;27638;25244;23883;22275;19573;15994;12574;8672;7269;5001;3394;3326;282054
"Saúde";5677;5846;7055;8908;10056;10026;9541;9890;9645;8720;7283;5574;4976;4562;4393;6023;118175
"Sé";1455;1172;1280;1566;2253;2209;1870;1671;1537;1290;1035;774;600;540;421;501;20174
"Socorro";2135;2317;2844;3569;3801;3289;2898;3023;2924;2672;2374;1971;1701;1317;1006;1298;39139
"Tatuapé";4109;4138;5067;6093;6503;6198;6032;6601;6352;5630;4608;3729;3627;3438;3189;4104;79418
"Tremembé";15552;13840;14556;15764;16160;15353;13840;12719;11172;9090;7202;5208;4371;3236;2440;2925;163428
"Tucuruvi";5631;5689;7113;8633;8915;7885;7211;7656;7651;6969;5741;4710;4349;3821;3388;4133;99495
"Vila Andrade";8024;6839;6548;6851;7936;7985;7111;6170;4823;3662;2722;1663;1169;711;503;576;73293
"Vila Curuçá";15486;14356;14773;15222;14253;13599;12712;10964;9119;7240;5752;4226;3289;2213;1452;1633;146289
"Vila Formosa";6096;6141;7059;8385;8545;7664;7206;7514;7089;6196;5038;4121;3804;3206;2736;3104;93904
"Vila Guilherme";2937;2990;3494;4336;4765;4264;3619;3754;3692;3302;2772;2260;2203;1977;1667;2058;50090
"Vila Jacuí";14974;13901;14478;14702;14068;13087;12274;10998;9378;7409;5284;3654;2667;1919;1347;1404;141544
"Vila Leopoldina";1646;1613;1801;2322;2484;2349;2173;2364;2130;1797;1413;1073;1005;853;811;1040;26874
"Vila Maria";9598;8869;9387;10638;11256;10437;9174;8818;7674;6499;5278;3965;3680;3099;2476;3096;113944
"Vila Mariana";5328;5390;6798;9270;11662;10854;9463;9766;9951;9631;8181;6183;4993;4591;4523;7204;123788
"Vila Matilde";7103;7123;8211;9296;9313;8604;8125;8140;7623;6568;5437;4419;3788;3284;2819;3154;103007
"Vila Medeiros";10590;10215;11397;13337;13513;12119;11122;11107;10180;8543;6958;5335;5000;4223;3375;3711;140725
"Vila Prudente";6613;6602;7564;8916;9266;8334;7896;8315;7763;6768;5580;4373;4047;3484;2932;3774;102227
"Vila Sônia";6823;6440;6963;8193;8505;7783;7450;6918;6444;5500;4561;3292;2624;2065;1652;2141;87354
"Total";878843;826711;885320;991896;1022114;945990;876570;821703;733856;617364;494006;360545;301192;238254;193393;238627;10426384
Fonte: Fundação SEADE, 1996 a 2023
