População residente projetada em 01 de julho segundo ano, sexo, faixa etária e local de residência. Município de São Paulo
Populacao por Dist Adm (DA) e Faixa Etária
Período:2013
"Dist Adm (DA)";"00 a 04";"05 a 09";"10 a 14";"15 a 19";"20 a 24";"25 a 29";"30 a 34";"35 a 39";"40 a 44";"45 a 49";"50 a 54";"55 a 59";"60 a 64";"65 a 69";"70 a 74";"75 e mais";"Total"
"Água Rasa";4509;3961;4280;4823;5608;6592;6966;6669;6036;6017;6141;5551;4652;3733;3024;5811;84373
"Alto de Pinheiros";1770;1747;1856;2140;2605;3043;3273;3296;3002;3130;3275;3016;2713;2265;1893;3497;42521
"Anhanguera";5414;5411;6180;6800;6844;6763;6364;6189;6002;5204;3901;2742;1754;1018;594;659;71839
"Aricanduva";5259;5074;5717;6274;6635;7442;7384;6830;6478;6170;5731;5096;4234;3415;2693;3902;88334
"Artur Alvim";6305;6062;6661;7398;7962;9098;9398;8636;7518;6803;6421;5773;4941;3866;2873;3961;103676
"Barra Funda";901;721;692;728;961;1331;1476;1363;1117;950;943;869;752;602;444;1015;14865
"Bela Vista";3546;2610;2536;3011;4761;7939;8625;6861;5379;4746;4449;4138;3578;2745;2018;3828;70770
"Belém";3493;2493;2465;2647;3233;4365;4576;3911;3219;2948;2851;2549;2121;1576;1284;2714;46445
"Bom Retiro";2658;2141;2182;2346;2868;3626;3565;3018;2467;2225;1986;1731;1382;1010;842;1520;35567
"Brás";2389;1719;1821;1986;2479;3237;3201;2771;2311;1978;1761;1493;1129;814;558;869;30516
"Brasilândia";22350;20186;23028;24452;24002;24791;23593;21124;19093;17045;14271;11532;8730;6194;4204;5417;270012
"Butantã";2651;2316;2398;2694;3612;5114;5418;4606;3888;3659;3593;3392;3007;2406;1926;3497;54177
"Cachoeirinha";11151;10114;11130;11980;12363;13229;12977;11539;10180;9338;8331;6932;5183;3662;2532;3570;144211
"Cambuci";2391;2081;2068;2160;2516;3221;3558;3397;2957;2611;2453;2210;1785;1390;1155;2265;38218
"Campo Belo";3427;3062;3035;3141;3742;5008;5677;5565;4973;4602;4541;4275;3786;3125;2598;4651;65208
"Campo Grande";5942;5722;6085;6661;7112;8070;8978;8997;8372;8014;7324;6212;4893;3662;2715;4038;102797
"Campo Limpo";16276;15400;16701;17755;18187;20441;20834;19174;16480;13876;11806;9897;7433;5085;3362;4147;216854
"Cangaíba";9312;8416;9540;10630;11314;12402;11871;10751;9973;9465;8670;7290;5671;4235;3077;4344;136961
"Capão Redondo";21698;20213;22488;23821;24330;26565;26081;23425;20441;17502;14568;12112;9268;6332;3956;4291;277091
"Carrão";4308;4127;4638;5253;5868;6664;6881;6588;6132;6062;6002;5300;4486;3597;2868;5191;83965
"Casa Verde";5385;4728;5119;5577;6270;7504;7618;6823;5962;5713;5638;5098;4187;3247;2572;4414;85855
"Cidade Ademar";20596;18634;20363;22023;23438;25892;25370;22996;19994;17351;14931;12722;9977;7251;4982;6298;272818
"Cidade Dutra";13889;13034;14761;16037;16653;17995;17637;16253;14639;13274;11725;10045;7929;5720;3745;4577;197913
"Cidade Líder";8969;8555;9534;10327;10894;11856;11818;10810;9584;8562;7693;6663;5240;3715;2381;2694;129295
"Cidade Tiradentes";17611;17802;20317;21166;20252;20238;19426;17251;14937;12987;11363;9463;6741;4130;2400;2331;218415
"Consolação";1986;1641;1737;2329;4333;6721;6001;4670;3840;3763;3966;3710;3272;2691;2126;4640;57426
"Cursino";6446;5834;6086;6715;7787;9313;9818;8946;7959;7739;7707;7001;5610;4221;3373;6144;110699
"Ermelino Matarazzo";8288;7829;8561;9284;9768;10644;10315;9377;8540;7742;6749;5759;4459;3070;2112;2814;115311
"Freguesia do Ó";8650;7750;8792;9872;10680;12292;12487;11322;10203;9911;9717;8629;6705;4897;3674;6128;141709
"Grajaú";30251;28385;32258;34618;33956;34680;33192;29966;27088;23741;19394;15283;11059;7154;4148;4296;369469
"Guaianases";8380;7868;8932;9657;9658;9655;9203;8341;7494;6650;5654;4706;3529;2379;1558;1841;105505
"Iguatemi";10991;10369;11847;12755;12596;12381;11481;10372;9740;8813;7264;5693;4071;2626;1593;1614;134206
"Ipiranga";6274;5684;6050;6724;7727;9190;9660;8985;8144;7612;7222;6428;5255;4031;3182;6447;108615
"Itaim Bibi";4826;3816;3293;3627;5052;7672;9888;9406;7458;6448;6444;6230;5564;4414;3308;6873;94319
"Itaim Paulista";17569;16885;19270;21153;20921;20832;19502;17536;16198;14825;12601;10138;7451;5136;3371;3724;227112
"Itaquera";15004;14165;15961;17299;17235;18148;18051;17091;15623;13878;11879;10004;7859;5736;4035;4814;206782
"Jabaquara";14596;13302;14265;15611;16987;20064;20976;19192;16868;15755;14396;12292;9604;7217;5569;8799;225493
"Jaçanã";6210;6280;6966;7420;7678;8514;8499;7621;6588;6023;5663;5014;4004;2980;2237;3408;95105
"Jaguara";1396;1285;1420;1535;1727;2100;2170;1963;1738;1675;1671;1550;1308;1016;750;1298;24602
"Jaguaré";3501;3295;3525;3736;4078;4802;5116;4608;3874;3340;2884;2381;1954;1537;1178;1742;51551
"Jaraguá";14706;14003;16196;17268;17052;17676;17354;15990;14319;12746;11052;8920;6407;4278;2748;2980;193695
"Jardim Ângela";26041;25019;27543;28928;28121;28955;28376;25973;22968;18845;14740;11812;8579;5563;3407;3554;308424
"Jardim Helena";11097;10025;11325;12434;12301;12334;11666;10545;9568;8486;7085;5780;4386;3113;2108;2397;134650
"Jardim Paulista";3899;3103;2925;3322;4851;7851;9416;8217;6570;6084;6174;6057;5528;4599;3561;7338;89495
"Jardim São Luís";20736;19252;21477;22796;23706;26554;26366;23797;20824;17866;15036;12462;9445;6456;4203;4910;275886
"José Bonifácio";8592;8962;9920;10424;10338;11362;12190;11188;9285;7964;7068;6619;5631;3782;2305;2600;128230
"Lajeado";13687;12887;14600;16133;15832;15554;14273;13089;12032;10372;8639;7005;5092;3416;2201;2501;167313
"Lapa";3296;2945;2934;3199;3923;5065;5739;5511;4935;4846;4862;4443;3757;3043;2541;5378;66417
"Liberdade";3770;3045;3040;3551;4929;6881;7403;6441;5385;4762;4553;4249;3634;2814;2090;3855;70402
"Limão";5444;4682;5097;5561;6208;7128;7049;6406;5642;5214;4980;4557;3714;2730;2010;3335;79757
"Mandaqui";6143;5742;6471;7299;8008;9025;9157;8870;8482;8177;7657;6460;5112;3981;3027;4646;108257
"Marsilac";552;627;766;849;753;683;611;554;517;544;501;429;321;226;156;189;8278
"Moema";4021;3576;3339;3646;4631;6486;8059;8086;6906;6308;6403;6129;5411;4046;2879;5695;85621
"Moóca";4217;3621;3654;4159;5174;6294;6684;6406;5938;5704;5477;4912;3977;3124;2621;5473;77435
"Morumbi";3172;2690;2975;3169;3366;3857;4139;4087;3815;3594;3277;2846;2392;1913;1449;2227;48968
"Parelheiros";11674;10926;12717;13635;12758;12176;11728;10994;10069;8686;7081;5591;3969;2607;1574;1634;137819
"Pari";1348;1085;1125;1211;1449;1703;1554;1342;1230;1137;1019;846;705;597;493;1031;17875
"Parque do Carmo";5097;4904;5431;5685;5849;6395;6322;5733;5105;4463;3846;3313;2617;1852;1213;1521;69346
"Pedreira";11098;11073;12259;13241;13454;14057;13605;12487;11136;9718;8098;6603;4820;3243;2037;2405;149334
"Penha";7355;6755;7392;8188;9309;10862;10905;9942;9268;9136;8771;7758;6443;5100;4061;7152;128397
"Perdizes";5102;4729;4702;5112;6908;9788;10949;9813;8186;7845;8093;7892;6933;5313;3798;7429;112592
"Perus";6775;6178;7049;7600;7481;7479;7057;6760;6262;5478;4419;3470;2576;1765;1151;1382;82882
"Pinheiros";2952;2534;2458;2685;3547;5413;6672;5934;4923;4667;4655;4410;3887;3119;2489;5298;65643
"Pirituba";10920;10114;11000;12064;13038;14803;14993;13625;12361;11892;11146;9666;7594;5602;4108;6084;169010
"Ponte Rasa";5668;5473;6143;6809;7215;8114;7907;7024;6528;6417;6156;5457;4282;3245;2473;3634;92545
"Raposo Tavares";7898;7123;7823;8078;8385;9319;9798;9003;7666;6526;5560;4805;3872;2787;1786;1992;102421
"República";3147;2311;2215;2577;4040;6489;6818;5804;4943;4369;3891;3384;2744;2092;1528;2432;58784
"Rio Pequeno";8984;7312;7962;8460;9325;11065;11306;10138;8942;8241;7402;6225;4846;3578;2614;3768;120168
"Sacomã";16366;15831;17074;18327;20009;23149;23762;21419;18944;17387;15780;13309;10241;7422;5537;8406;252963
"Santa Cecília";4388;3491;3518;4083;5722;8285;8834;7616;6582;6146;5781;5275;4455;3482;2681;5161;85500
"Santana";5774;4914;5399;6354;7792;9876;10133;9020;8252;8411;8689;8177;6858;5199;4078;7990;116916
"Santo Amaro";3583;3354;3505;3786;4349;5287;5957;6006;5616;5388;5297;4849;4277;3580;2839;5111;72784
"São Domingos";5378;5228;5660;6111;6579;7442;7540;6889;6365;6067;5507;4677;3758;2929;2190;3016;85336
"São Lucas";8174;8111;8637;9423;10627;12324;12358;11199;10278;10186;9825;8366;6837;5335;4282;6747;142709
"São Mateus";10812;10071;11466;12550;12888;14003;13583;12233;11278;10461;9430;7936;6164;4564;3312;4239;154990
"São Miguel";6853;5733;6548;7346;7629;8064;7453;6793;6493;6238;5590;4609;3525;2742;2157;3146;90919
"São Rafael";11103;11647;13260;13818;13238;13119;12807;12144;11193;9750;7868;6126;4675;3385;2252;2363;148748
"Sapopemba";20199;19262;21599;23480;24576;26331;25073;22432;20425;19012;17231;14539;11303;8151;5683;6926;286222
"Saúde";6345;5530;5535;6125;7808;10887;12665;11538;9936;9567;9632;9163;7684;6033;4708;8982;132138
"Sé";1819;1273;1487;1631;2054;2698;2671;2500;2201;1674;1313;1035;752;571;417;558;24654
"Socorro";1971;1782;2016;2194;2507;3002;3178;2941;2722;2630;2611;2363;2052;1721;1377;2155;37222
"Tatuapé";4496;4172;4669;5294;6237;7376;7745;7438;7103;7199;7134;6218;5003;3819;3114;6209;93226
"Tremembé";15021;13774;15645;17256;17681;18281;17702;16513;15256;13701;11940;10006;7734;5530;3896;5512;205448
"Tucuruvi";4917;4561;4978;5649;6818;8358;8483;7568;6791;6764;6934;6621;5502;4245;3432;6323;97944
"Vila Andrade";10286;10524;11044;11226;11975;13457;13541;12869;11175;9287;7410;5494;3912;2664;1724;2093;138681
"Vila Curuçá";10843;10766;12516;13682;13437;13507;12886;11827;11082;9790;8222;6665;5186;3807;2657;3246;150119
"Vila Formosa";5067;4894;5527;6255;6934;7889;7732;7018;6598;6770;6833;6118;4968;3818;3006;5262;94689
"Vila Guilherme";3508;2943;3178;3415;3819;4650;4941;4574;3985;3675;3593;3305;2718;2119;1702;3139;55264
"Vila Jacuí";9791;10389;11569;12623;12921;13530;12776;11407;10323;9478;8382;6866;4974;3327;2203;2708;143267
"Vila Leopoldina";2425;2272;2202;2334;2720;3457;4107;4304;3708;3153;2801;2223;1709;1253;961;1813;41442
"Vila Maria";8138;7228;7881;8490;9344;10686;10387;9005;7910;7253;6609;5663;4456;3356;2620;4493;113519
"Vila Mariana";5744;4841;4841;5616;8040;11930;13306;11222;9242;8987;9451;9285;8224;6320;4646;9495;131190
"Vila Matilde";6070;5838;6415;7130;7869;8912;8957;8268;7629;7403;7071;6322;5167;3967;3099;5120;105237
"Vila Medeiros";8354;7518;8179;9083;10082;11480;10994;9599;8647;8339;8125;7331;5866;4560;3562;5921;127640
"Vila Prudente";5763;5371;5717;6418;7492;9092;9255;8317;7433;7357;7278;6493;5322;4166;3310;5660;104444
"Vila Sônia";7567;6668;7062;7655;8760;10242;10573;9668;8423;7547;6820;6040;4984;3783;2734;4294;112820
"Total";774714;719399;792223;859602;916550;1030116;1036419;944325;841884;767854;694377;598093;474256;349732;253720;393011;11446275
Fonte: Fundação SEADE, 1996 a 2023
