População residente projetada em 01 de julho segundo ano, sexo, faixa etária e local de residência. Município de São Paulo
Populacao por Dist Adm (DA) e Faixa Etária
Período:2005
"Dist Adm (DA)";"00 a 04";"05 a 09";"10 a 14";"15 a 19";"20 a 24";"25 a 29";"30 a 34";"35 a 39";"40 a 44";"45 a 49";"50 a 54";"55 a 59";"60 a 64";"65 a 69";"70 a 74";"75 e mais";"Total"
"Água Rasa";4400;4549;5276;5970;6903;6889;6820;6595;6200;6145;5545;4550;4138;3520;3173;4920;85593
"Alto de Pinheiros";1833;1951;2273;2762;3569;3534;3439;3306;3199;3378;3086;2749;2479;1950;1685;2646;43839
"Anhanguera";4930;4954;5275;4792;4849;4974;5167;4698;3953;2884;1952;1313;800;484;327;384;51736
"Aricanduva";6096;6256;7196;7519;8241;8114;7502;7169;6718;6042;5442;4398;3836;2963;2300;2753;92545
"Artur Alvim";7264;7222;8316;8995;10160;10060;9173;8401;7464;7230;6403;5293;4362;3267;2450;2807;108867
"Barra Funda";713;690;730;867;1223;1299;1153;1069;936;881;848;695;615;487;459;934;13599
"Bela Vista";2917;2578;2827;3836;6893;8143;6840;5478;4850;4445;4056;3321;2766;2212;1946;3409;66517
"Belém";2515;2318;2592;2919;3810;3904;3486;3216;2919;2782;2380;1988;1768;1502;1442;2497;42038
"Bom Retiro";2021;1907;2012;2219;3022;3048;2692;2282;2081;1818;1577;1297;1125;875;852;1264;30092
"Brás";1866;1761;1812;2029;2760;2840;2602;2394;2064;1700;1403;1050;832;670;533;812;27128
"Brasilândia";23468;23336;25110;24594;25285;24482;22325;19761;17283;14070;11362;8336;6436;4486;3253;3895;257482
"Butantã";2537;2515;2923;3577;4904;5211;4623;4135;3860;3743;3492;2990;2596;2077;1780;2759;53722
"Cachoeirinha";12310;12354;13194;13520;13990;13757;12836;11271;10137;8551;7036;5086;3997;2881;2196;2751;145867
"Cambuci";1927;1757;1951;2194;2744;2841;2821;2619;2395;2198;1984;1621;1422;1206;1173;1969;32822
"Campo Belo";3390;3275;3570;4081;5515;5820;5522;5286;4760;4636;4425;3957;3364;2706;2336;3632;66275
"Campo Grande";5938;6026;6886;7240;7932;8333;8738;8505;7897;7039;5843;4538;3627;2718;2120;2825;96205
"Campo Limpo";17206;16612;18257;18304;20088;20192;18864;16605;14199;11554;9393;6798;5022;3398;2430;2808;201730
"Cangaíba";9967;10161;11677;11879;12689;12556;11711;11123;10086;8817;7347;5668;4486;3431;2596;3234;137428
"Capão Redondo";22046;22067;24194;24275;26196;25488;23249;20140;17509;14321;11556;8490;6078;3867;2456;2894;254826
"Carrão";4420;4624;5499;5909;6474;6540;6390;6370;5941;5709;5073;4251;3839;3122;2719;4094;80974
"Casa Verde";5170;5213;6024;6652;7615;7427;6951;6462;6085;5699;5042;4093;3556;2834;2487;3493;84803
"Cidade Ademar";20719;20506;22727;23651;25750;24798;23115;20119;17567;14693;12383;9473;7334;5157;3632;4345;255969
"Cidade Dutra";15137;15540;17543;18000;18978;18177;17012;15499;14058;11867;10072;7364;5668;3822;2693;3234;194664
"Cidade Líder";9415;9678;10664;11163;11790;11532;10833;9608;8722;7642;6470;4850;3591;2469;1660;1929;122016
"Cidade Tiradentes";19618;20123;21344;20412;19205;18680;17438;15405;13669;11416;8670;5849;3803;2347;1431;1383;200793
"Consolação";1820;1806;2070;3346;6151;5866;4725;4147;3875;3977;3770;3183;2747;2311;2146;4233;56173
"Cursino";6177;6151;7152;7930;9038;9226;8772;8324;7890;7360;6511;5153;4551;3680;3217;4582;105714
"Ermelino Matarazzo";8854;8783;9779;9926;10778;10490;9789;8861;7923;6783;5463;4208;3159;2223;1655;2022;110696
"Freguesia do Ó";9203;9455;10989;11634;12840;12765;12234;11422;10808;9792;8532;6523;5435;4209;3538;4759;144138
"Grajaú";32472;32779;35047;34852;35341;34400;31385;27479;23987;18990;14584;9969;6737;4134;2632;2817;347605
"Guaianases";9197;9418;10064;10136;10078;9608;8808;7724;6906;5756;4531;3360;2451;1613;1124;1306;102080
"Iguatemi";10581;10953;11768;11547;11026;10589;9996;9047;8136;6528;5019;3513;2362;1502;902;982;114451
"Ipiranga";6041;6029;6689;7539;8824;9209;8562;8028;7520;6960;6112;4853;4292;3510;3271;5425;102864
"Itaim Bibi";3868;3385;3728;4857;6825;8275;8039;7460;6447;6367;5959;5117;4124;3575;3134;5735;86895
"Itaim Paulista";19693;20218;22246;22013;21069;20318;18780;16745;15146;12411;9851;7026;5189;3527;2301;2532;219065
"Itaquera";16842;16894;18618;18448;19198;19002;18039;16275;14371;12076;9993;7640;5939;4211;2970;3344;203860
"Jabaquara";15131;14764;16688;17519;19884;20652;19973;17957;16336;14208;11902;9398;7627;5984;4877;6691;219591
"Jaçanã";7024;7139;7794;8118;8684;8417;7747;7095;6401;5680;5042;3899;3355;2509;2031;2735;93670
"Jaguara";1449;1539;1761;1942;2243;2218;2031;1931;1832;1754;1637;1284;1094;889;738;1057;25399
"Jaguaré";3441;3380;3558;3808;4414;4671;4375;3724;3127;2733;2296;1910;1581;1177;930;1184;46309
"Jaraguá";14114;14574;16180;15652;15745;15436;14790;13495;11897;9958;7991;5600;3879;2559;1753;1867;165490
"Jardim Ângela";26371;25801;27263;26778;27646;27747;25123;21264;18074;13796;10803;7458;5139;3110;2051;2139;270563
"Jardim Helena";12580;12622;13718;13626;13491;12988;11870;10532;9210;7470;6036;4430;3422;2283;1642;1727;137647
"Jardim Paulista";3142;2935;3281;4431;7329;8512;7586;6661;6162;6273;6129;5390;4522;3750;3375;6839;86317
"Jardim São Luís";21200;21025;23014;23637;25791;25826;23709;20672;17802;14553;11788;8575;6375;4256;2911;3277;254411
"José Bonifácio";8930;8986;10123;10672;11311;10848;9985;8556;8107;7489;6534;4949;3641;2263;1595;1663;115652
"Lajeado";15374;15459;16882;16219;15940;15114;13868;12446;10643;8459;6733;4832;3495;2316;1579;1765;161124
"Lapa";2867;2855;3245;3836;4790;5129;5073;4926;4699;4620;4236;3555;3192;2781;2581;4602;62987
"Liberdade";3250;3034;3422;4392;6242;6914;6079;5380;4864;4444;4112;3302;2788;2177;1965;3272;65637
"Limão";5487;5500;6167;6714;7715;7256;6676;6211;5818;5344;4704;3705;3109;2351;1983;2738;81478
"Mandaqui";6517;6699;7762;8261;9116;9134;9087;8971;8303;7393;6322;4914;4127;3268;2539;3341;105754
"Marsilac";804;824;953;837;734;615;618;552;557;458;389;297;244;182;119;132;8315
"Moema";3493;3174;3578;4323;5929;6815;6919;6779;6098;6201;5712;4619;3670;2858;2571;4489;77228
"Moóca";3419;3357;3879;4556;5465;5632;5556;5606;5313;4946;4391;3715;3320;2972;2719;4594;69440
"Morumbi";2501;2560;2792;2971;3558;3677;3599;3377;3145;2877;2614;2133;1700;1250;973;1396;41123
"Parelheiros";11528;11786;12561;11841;11222;10834;10331;9054;8004;6179;4821;3256;2271;1471;929;1047;117135
"Pari";1006;936;1023;1208;1538;1474;1275;1166;1097;999;859;719;677;558;576;900;16011
"Parque do Carmo";5491;5600;6120;6172;6460;6354;5942;5203;4600;3871;3267;2379;1833;1226;842;1027;66387
"Pedreira";12257;12122;13165;13108;13723;13221;12450;10749;9404;7541;6018;4229;2972;1992;1328;1560;135839
"Penha";7427;7538;8598;9523;10718;10728;10096;9715;9266;8631;7667;6235;5574;4594;4063;5859;126232
"Perdizes";4704;4739;5276;6534;9195;9680;9182;8559;8213;8045;7547;6157;5195;4080;3559;6297;106962
"Perus";6898;6902;7395;7055;7374;7115;6861;6035;5278;4120;3325;2333;1790;1222;839;1001;75543
"Pinheiros";2603;2442;2816;3532;5081;6143;5738;5231;4769;4807;4330;3741;3164;2644;2557;4702;64300
"Pirituba";11501;11460;13016;13681;14783;14981;14358;13254;12413;11046;9402;7175;5876;4432;3487;4495;165360
"Ponte Rasa";6536;6699;7717;8151;8710;8545;7937;7405;7096;6407;5608;4372;3630;2713;2206;2679;96411
"Raposo Tavares";7780;7931;8331;8861;9347;9493;8897;7640;6686;5632;4732;3510;2580;1740;1115;1352;95627
"República";2480;2108;2221;3012;5324;6211;5474;4675;4190;3642;3273;2605;2175;1638;1318;2065;52411
"Rio Pequeno";8428;8342;9242;9801;11002;11036;10288;9329;8436;7436;6162;4620;3828;2788;2104;2551;115393
"Sacomã";17241;17231;18865;19887;21991;22682;21682;19680;17670;15216;12409;9553;7725;5874;4734;6088;238528
"Santa Cecília";3654;3320;3725;4693;7164;7974;7090;6292;5935;5493;4994;4055;3451;2845;2532;4540;77757
"Santana";5604;5809;7075;8180;10925;10964;9910;9439;9220;9069;8008;6583;5646;4631;4207;6625;121895
"Santo Amaro";2931;3058;3564;4197;5230;5255;5134;5177;4952;5025;4714;4163;3536;2876;2463;4023;66298
"São Domingos";5930;5814;6440;6840;7764;7827;7365;6697;6151;5402;4656;3761;3087;2300;1778;2087;83899
"São Lucas";9001;9169;10247;10956;12249;12332;11780;11349;10384;9743;8275;6715;5804;4582;3885;4746;141217
"São Mateus";11950;12219;13883;14044;14610;14444;13429;12431;11173;9647;8138;6107;4853;3575;2580;2888;155971
"São Miguel";7294;7301;8363;8480;8954;8546;7925;7310;6751;5765;4850;3829;3155;2528;1918;2446;95415
"São Rafael";12397;12590;13174;12762;12815;12814;12023;10625;9062;7417;5883;4401;3231;2177;1384;1480;134235
"Sapopemba";22478;23087;25629;26302;27245;26248;24224;22167;20089;17493;14579;10837;8669;5959;4273;4579;283858
"Saúde";5697;5634;6410;7636;9899;11411;11022;10125;9670;9229;8491;6954;5884;4985;4405;7335;124787
"Sé";1315;1295;1421;1615;2403;2464;2185;2032;1711;1360;1121;823;632;526;396;512;21811
"Socorro";1942;2169;2514;2888;3317;3352;3039;2989;2826;2759;2500;2156;1840;1499;1147;1674;38611
"Tatuapé";4077;4283;5049;5752;6680;6954;6806;6902;6712;6526;5602;4631;4003;3452;3167;5054;85650
"Tremembé";14473;14297;15921;16211;17041;16828;15467;14328;12840;10865;9032;6898;5463;3932;2974;3926;180496
"Tucuruvi";5084;5247;6271;7214;8482;8401;7742;7373;7263;7054;6459;5490;4661;3871;3438;5111;99161
"Vila Andrade";9391;8762;8802;8531;10173;10491;9977;8823;7142;5664;4274;2830;2014;1262;874;1051;100061
"Vila Curuçá";12904;13265;14670;14416;14057;13875;12718;11570;10048;8274;6722;5138;3985;2746;1903;2226;148517
"Vila Formosa";5452;5690;6670;7303;8138;7919;7371;7151;6964;6704;5876;4868;4159;3333;2873;4017;94488
"Vila Guilherme";2916;3013;3444;3822;4585;4645;4214;3981;3717;3487;3159;2635;2327;1947;1682;2532;52106
"Vila Jacuí";12568;12547;13866;13619;13984;13497;12414;11091;9885;8335;6569;4757;3389;2329;1646;1881;142377
"Vila Leopoldina";1996;1869;2023;2300;2734;3005;3121;3131;2632;2375;1881;1461;1227;967;873;1371;32966
"Vila Maria";8391;8354;9055;9650;10977;10918;9596;8715;7777;6880;5882;4583;3890;3073;2595;3726;114062
"Vila Mariana";5151;5048;5870;7725;11167;12377;10923;9743;9368;9579;8913;7524;6135;4976;4421;8358;127278
"Vila Matilde";6457;6642;7674;8217;9000;8965;8502;8067;7672;7053;6184;5167;4216;3480;2923;4003;104222
"Vila Medeiros";9108;9121;10350;11254;12601;12158;10938;10221;9560;8676;7727;6100;5303;4244;3523;4711;135595
"Vila Prudente";6030;6033;6940;7691;9006;8973;8482;8038;7628;7238;6356;5168;4458;3653;3107;4574;103375
"Vila Sônia";6764;6678;7222;7969;9076;9208;8841;7886;7205;6315;5518;4329;3465;2608;2047;2989;98120
"Total";796500;798221;882700;920512;1014524;1016330;947844;860511;777408;681915;578319;447375;358579;269209;214622;301004;10865573
Fonte: Fundação SEADE, 1996 a 2023
