População residente projetada em 01 de julho segundo ano, sexo, faixa etária e local de residência. Município de São Paulo
Populacao por Dist Adm (DA) e Faixa Etária
Período:2009
"Dist Adm (DA)";"00 a 04";"05 a 09";"10 a 14";"15 a 19";"20 a 24";"25 a 29";"30 a 34";"35 a 39";"40 a 44";"45 a 49";"50 a 54";"55 a 59";"60 a 64";"65 a 69";"70 a 74";"75 e mais";"Total"
"Água Rasa";4048;4200;4794;5223;6407;6981;7081;6360;6022;6376;5993;5075;4310;3435;3100;5648;85053
"Alto de Pinheiros";1779;1824;2077;2416;3057;3246;3529;3124;3066;3441;3155;2919;2542;2049;1836;3158;43218
"Anhanguera";5084;5424;6331;5780;5991;5863;5819;5729;5292;4041;2891;1974;1182;696;431;528;63056
"Aricanduva";5259;5679;6623;6481;7523;7925;7324;6906;6643;6140;5705;4728;4021;3120;2605;3436;90118
"Artur Alvim";6367;6604;7726;7759;9120;9921;9406;8333;7264;7039;6397;5617;4623;3476;2674;3541;105867
"Barra Funda";723;692;678;772;1177;1423;1366;1197;934;934;912;775;695;495;434;1024;14231
"Bela Vista";2746;2447;2668;3513;6932;8989;7507;5657;4853;4511;4269;3797;3135;2284;1880;3708;68896
"Belém";2550;2356;2566;2706;3990;4613;4109;3399;2928;2960;2624;2350;1817;1423;1345;2711;44447
"Bom Retiro";2120;2048;2185;2283;3321;3515;3188;2489;2264;2028;1794;1534;1160;889;879;1392;33089
"Brás";1737;1761;1898;2034;2986;3232;2918;2479;2100;1825;1635;1254;955;690;497;845;28846
"Brasilândia";20463;22422;25572;23525;24956;25022;22733;20197;18587;15521;13001;9908;7561;5085;3775;4810;263138
"Butantã";2383;2370;2606;3034;4699;5593;4977;4111;3739;3721;3553;3257;2754;2131;1893;3259;54080
"Cachoeirinha";10543;11159;12528;12227;13344;13854;12755;10971;10143;9012;7911;5966;4511;3076;2366;3296;143662
"Cambuci";2075;1943;2055;2078;2822;3325;3363;3019;2608;2444;2303;1935;1537;1265;1159;2203;36134
"Campo Belo";3204;3090;3213;3345;4762;5695;5807;5343;4694;4717;4502;4164;3493;2900;2495;4331;65755
"Campo Grande";5747;5799;6625;6682;7596;8703;9250;8504;8177;7611;6635;5339;4146;3072;2404;3514;99804
"Campo Limpo";15752;16061;18385;17027;19661;21110;20275;17661;15039;12465;10881;8362;6110;3992;2885;3516;209182
"Cangaíba";8656;9311;11038;10840;12492;12664;11552;10643;10032;9358;8135;6464;4979;3740;2770;3967;136641
"Capão Redondo";20249;21651;24507;22907;25836;26802;24809;21553;18972;15573;13204;10452;7573;4892;3075;3594;265649
"Carrão";4072;4381;5167;5397;6408;6857;6747;6307;5960;6174;5597;4784;4111;3182;2842;4866;82852
"Casa Verde";4821;4993;5687;5776;7305;7819;7361;6340;5875;5873;5516;4648;3774;2934;2564;4165;85451
"Cidade Ademar";18967;19749;22420;21979;25480;26017;24536;21205;18701;15804;13924;11140;8582;5977;4265;5448;264194
"Cidade Dutra";13278;14484;16740;16181;18153;18418;17465;15576;14376;12539;11151;8822;6892;4572;3155;3986;195788
"Cidade Líder";8563;9249;10439;10355;11482;12069;11399;10099;9052;8093;7262;5842;4433;2956;1936;2317;125546
"Cidade Tiradentes";17566;19668;21877;19932;19648;20006;18345;15989;13947;12122;10375;7860;5047;3039;1814;1873;209108
"Consolação";1665;1657;1896;3114;6484;6446;5048;4011;3631;3989;3866;3412;3002;2329;2060;4544;57154
"Cursino";5895;5889;6568;7118;8834;9917;9404;8204;7753;7758;7400;6107;4847;3679;3371;5598;108342
"Ermelino Matarazzo";8028;8344;9534;9274;10595;10786;9990;8992;8311;7226;6251;5099;3702;2519;1893;2489;113033
"Freguesia do Ó";7975;8561;10238;10187;12106;13055;12312;10869;10360;10156;9579;7584;5910;4252;3685;5737;142566
"Grajaú";28693;31280;35838;33437;34663;35078;32068;28594;25985;21198;17174;12686;8841;5241;3248;3596;357620
"Guaianases";7999;8805;9957;9678;9810;9728;8987;7971;7279;6147;5234;4107;2921;1922;1337;1613;103495
"Iguatemi";10012;11086;12572;11903;11923;11725;10557;9781;9242;7691;6185;4625;3122;1975;1204;1308;124911
"Ipiranga";5706;5791;6495;6963;8634;9741;9214;8368;7693;7381;6790;5676;4616;3520;3186;6238;106012
"Itaim Bibi";4117;3274;3317;4135;6390;9257;9704;8026;6380;6436;6289;5848;4842;3771;2978;6650;91414
"Itaim Paulista";17230;18768;21977;20946;21134;20775;18832;17017;16085;13700;11463;8574;6230;4181;2821;3147;222880
"Itaquera";14581;15566;18184;16968;18243;18774;18205;16646;15111;12875;11088;8938;6831;4886;3541;4140;204577
"Jabaquara";13804;13879;16015;15805;19264;21419;20785;17819;16536;15264;13400;10862;8275;6476;5189;8091;222883
"Jaçanã";6352;6805;7672;7346;8359;8782;8222;7075;6348;5930;5519;4468;3590;2582;2197;3132;94379
"Jaguara";1306;1418;1595;1623;2063;2260;2125;1860;1745;1749;1706;1435;1216;882;731;1247;24961
"Jaguaré";3264;3392;3652;3677;4428;5121;4828;4069;3421;3050;2525;2113;1728;1319;1059;1493;49139
"Jaraguá";13425;15023;17263;15765;16640;17210;16345;14683;13198;11486;9782;7213;5047;3293;2223;2439;181035
"Jardim Ângela";24798;26010;29250;26846;28283;29181;26935;23812;20652;15596;12892;9666;6682;4092;2662;2842;290199
"Jardim Helena";10613;11322;13197;12563;12872;12707;11612;10454;9567;7944;6683;5151;3883;2636;1891;2100;135195
"Jardim Paulista";3233;2842;3035;3776;6771;9284;8778;6853;6014;6154;6166;5793;5006;4030;3197;7244;88176
"Jardim São Luís";19263;20659;23345;22055;25544;27055;25112;22009;19236;15977;13608;10620;7750;5058;3496;4120;264907
"José Bonifácio";8735;9280;10532;9790;10649;11930;11717;9612;8436;7349;6835;6160;4621;2751;1881;2125;122403
"Lajeado";13307;14150;16812;15745;16011;15211;13854;12913;11419;9334;7910;5907;4203;2729;1867;2156;163528
"Lapa";2960;2841;3041;3382;4565;5517;5650;5013;4743;4896;4638;4016;3379;2776;2556;5245;65218
"Liberdade";3140;2929;3224;4061;6239;7549;6760;5667;4870;4561;4436;3811;3218;2303;1978;3620;68366
"Limão";4864;5101;5730;5901;7222;7411;6959;6119;5597;5293;5033;4220;3348;2370;2018;3197;80383
"Mandaqui";5818;6214;7372;7486;8806;9256;9175;8828;8417;8052;7114;5604;4591;3500;2820;4187;107240
"Marsilac";639;721;931;775;727;623;617;515;577;519;475;362;276;192;141;160;8250
"Moema";3711;3207;3397;3819;5509;7416;8076;7220;6116;6371;6152;5614;4572;3145;2601;5263;82189
"Moóca";3623;3445;3805;4382;5680;6363;6356;5932;5646;5473;5117;4324;3472;2894;2658;5324;74494
"Morumbi";2573;2755;3068;2952;3538;3945;4060;3771;3566;3316;2962;2498;2082;1578;1227;1895;45786
"Parelheiros";10594;11840;13688;12401;11828;11777;11207;10226;9264;7367;6147;4403;3108;1931;1218;1343;128342
"Pari";1062;1057;1123;1224;1644;1629;1369;1244;1167;1063;933;731;701;524;548;996;17015
"Parque do Carmo";4942;5373;5911;5638;6287;6594;6130;5419;4857;4084;3649;2895;2258;1449;1048;1308;67842
"Pedreira";11150;11696;13435;12694;13707;13746;13100;11495;10427;8476;7245;5375;3839;2458;1609;2011;142463
"Penha";6818;7171;8157;8539;10433;11192;10433;9535;9332;9136;8375;7001;5932;4567;4118;6727;127466
"Perdizes";4732;4660;4783;5663;8820;10708;10419;8489;7798;8016;8086;7230;6106;4282;3490;7108;110390
"Perus";6182;6710;7774;7134;7526;7153;7038;6484;5932;4770;3880;2898;2160;1397;1000;1205;79243
"Pinheiros";2604;2401;2563;2971;4689;6642;6362;5151;4637;4749;4506;4159;3423;2769;2359;5172;65157
"Pirituba";10412;10743;12337;12350;14392;15530;14671;12945;12424;11737;10582;8489;6595;4822;3811;5502;167342
"Ponte Rasa";5702;6074;7179;7032;8182;8564;7704;6953;6859;6550;6158;4911;3880;2912;2397;3302;94359
"Raposo Tavares";7120;7804;8258;8120;8959;9971;9661;8201;7096;5942;5211;4278;3272;2206;1391;1683;99173
"República";2412;2118;2241;2873;5668;6891;6019;5047;4482;3963;3595;2967;2395;1771;1366;2272;56080
"Rio Pequeno";7501;7928;8729;8697;10717;11714;10925;9456;8739;7924;6919;5419;4276;3037;2442;3309;117732
"Sacomã";15974;16631;18414;18437;21723;24150;22671;19897;18090;16573;14380;11436;8630;6308;5148;7442;245904
"Santa Cecília";3572;3325;3688;4427;7303;8877;7939;6646;6195;5832;5484;4743;3912;3018;2534;5050;82545
"Santana";5095;5256;6342;7060;9693;10779;9808;8706;8591;9027;8730;7610;6122;4607;4182;7747;119355
"Santo Amaro";3231;3295;3588;3824;4796;5656;5867;5653;5242;5370;5020;4522;3913;3200;2588;4813;70578
"São Domingos";5356;5555;6218;6230;7286;7867;7369;6621;6359;5834;5154;4151;3411;2553;1997;2630;84591
"São Lucas";8305;8542;9492;9858;11914;12804;11924;10795;10282;10471;9055;7553;6151;4789;4222;5961;142118
"São Mateus";10368;11258;13253;12640;14116;14619;13210;12123;11252;10212;8964;7021;5469;3947;3049;3658;155159
"São Miguel";6096;6512;7807;7564;8502;8209;7447;6985;6819;6180;5362;4148;3278;2636;2095;2974;92614
"São Rafael";11320;12639;13981;12896;13010;13126;12483;11525;10308;8502;6709;5191;3921;2724;1774;1901;142010
"Sapopemba";19707;21335;24390;23891;26600;26743;24194;21804;20256;18565;16210;12790;9856;6773;5074;5842;284030
"Saúde";5635;5397;5859;6666;9650;12497;12211;10185;9566;9531;9475;8189;6640;5280;4355;8476;129612
"Sé";1208;1401;1541;1651;2523;2680;2470;2369;1860;1419;1194;861;657;513;375;519;23241
"Socorro";1774;2026;2242;2403;2932;3351;3110;2919;2708;2787;2566;2282;1931;1639;1254;2021;37945
"Tatuapé";4008;4358;4983;5436;6751;7547;7420;7081;6942;7269;6483;5455;4286;3429;3118;5909;90475
"Tremembé";13472;14468;16870;16349;17533;17859;16671;15544;14153;12356;10677;8519;6439;4531;3434;4901;193776
"Tucuruvi";4639;4867;5610;6181;8066;8745;8109;7087;6896;7052;7023;6138;4874;3873;3441;5996;98597
"Vila Andrade";10007;10043;10480;9556;11669;12268;12298;11042;9196;7545;5767;4074;2927;1881;1277;1599;121629
"Vila Curuçá";10944;12218;14318;13544;13643;13842;12487;11853;10658;9032;7472;5896;4562;3204;2320;2801;148794
"Vila Formosa";4936;5297;6309;6472;7748;8046;7429;6803;6792;7067;6577;5506;4422;3405;2958;4888;94655
"Vila Guilherme";2885;3025;3390;3443;4427;4955;4742;4157;3723;3629;3494;2970;2421;1918;1687;2979;53845
"Vila Jacuí";10750;11378;13182;12608;13699;13615;12329;10988;10147;9013;7695;5783;4040;2676;1903;2339;142145
"Vila Leopoldina";2269;2054;2168;2231;2893;3587;4074;3833;3052;2897;2312;1828;1408;1045;904;1667;38222
"Vila Maria";7463;7879;8700;8830;10640;11192;9837;8543;7773;7121;6344;5088;4023;3022;2668;4275;113398
"Vila Mariana";4958;4737;5161;6600;10662;13593;12112;9613;8832;9429;9434;8702;7155;5246;4294;9304;129832
"Vila Matilde";5924;6220;7200;7372;8673;9173;8730;7930;7636;7395;6788;5801;4549;3611;2977;4799;104778
"Vila Medeiros";7971;8226;9461;9702;11763;12033;10659;9443;8975;8673;8295;6703;5487;4207;3613;5633;130844
"Vila Prudente";5545;5561;6420;6768;8720;9433;8901;7752;7449;7566;6987;5851;4774;3757;3225;5284;103993
"Vila Sônia";6595;6749;7298;7651;9384;10338;9950;8593;7734;6922;6307;5288;4257;3087;2382;3830;106365
"Total";727319;766206;870460;857350;996305;1062879;997397;883029;805702;730239;648841;526314;409206;295255;232440;359252;11168194
Fonte: Fundação SEADE, 1996 a 2023
