População residente projetada em 01 de julho segundo ano, sexo, faixa etária e local de residência. Município de São Paulo
Populacao por Dist Adm (DA) e Faixa Etária
Período:2012
"Dist Adm (DA)";"00 a 04";"05 a 09";"10 a 14";"15 a 19";"20 a 24";"25 a 29";"30 a 34";"35 a 39";"40 a 44";"45 a 49";"50 a 54";"55 a 59";"60 a 64";"65 a 69";"70 a 74";"75 e mais";"Total"
"Água Rasa";4323;4014;4413;4899;5832;6729;7030;6546;6018;6157;6133;5437;4552;3625;3044;5824;84576
"Alto de Pinheiros";1769;1763;1913;2205;2714;3089;3366;3224;3014;3237;3243;3000;2663;2202;1890;3432;42724
"Anhanguera";5300;5438;6306;6522;6646;6515;6217;6114;5876;4904;3636;2537;1584;921;545;625;69686
"Aricanduva";5198;5228;5965;6268;6874;7593;7351;6837;6530;6172;5748;5002;4179;3330;2693;3811;88779
"Artur Alvim";6262;6195;6961;7430;8266;9360;9426;8531;7420;6872;6416;5752;4860;3753;2828;3893;104225
"Barra Funda";838;710;682;735;1023;1372;1461;1319;1056;949;940;845;740;564;438;1027;14699
"Bela Vista";3245;2548;2572;3154;5415;8370;8311;6463;5210;4683;4414;4074;3466;2596;1972;3822;70315
"Belém";3153;2453;2499;2651;3483;4516;4476;3752;3124;2970;2797;2518;2022;1517;1299;2734;45964
"Bom Retiro";2476;2123;2200;2332;3037;3631;3483;2853;2415;2178;1942;1686;1306;969;858;1489;34978
"Brás";2138;1735;1854;2002;2659;3270;3136;2680;2245;1939;1742;1431;1082;773;533;863;30082
"Brasilândia";21471;20847;23894;24064;24313;24927;23345;20856;19046;16666;13996;11128;8437;5863;4108;5302;268263
"Butantã";2546;2325;2445;2766;3934;5309;5297;4436;3831;3680;3589;3374;2938;2320;1927;3466;54183
"Cachoeirinha";10818;10376;11540;11976;12654;13457;12908;11334;10181;9279;8277;6687;5005;3479;2494;3533;143998
"Cambuci";2291;2050;2071;2122;2619;3295;3541;3303;2855;2573;2429;2143;1707;1350;1155;2261;37765
"Campo Belo";3338;3060;3069;3158;4011;5223;5753;5500;4877;4651;4538;4258;3698;3068;2580;4613;65395
"Campo Grande";5859;5729;6238;6623;7246;8304;9118;8823;8328;7929;7161;5986;4683;3488;2635;3925;102075
"Campo Limpo";15992;15582;17259;17412;18647;20746;20779;18758;16067;13481;11635;9523;7079;4754;3242;4000;214956
"Cangaíba";8990;8647;9974;10624;11691;12505;11757;10683;9994;9485;8566;7084;5481;4096;2990;4289;136856
"Capão Redondo";21064;20656;23170;23407;24812;26770;25790;22919;20079;16958;14260;11736;8827;5927;3706;4120;274201
"Carrão";4199;4189;4782;5260;6038;6751;6866;6486;6074;6138;5910;5170;4381;3457;2871;5153;83725
"Casa Verde";5162;4799;5277;5579;6579;7653;7560;6648;5917;5783;5639;4997;4065;3149;2577;4392;85776
"Cidade Ademar";19900;18947;21010;21887;24102;26053;25220;22491;19662;16929;14738;12342;9617;6888;4796;6118;270700
"Cidade Dutra";13540;13428;15342;15952;17094;18165;17624;16038;14585;13093;11635;9771;7693;5391;3586;4451;197388
"Cidade Líder";8766;8750;9812;10275;11070;11976;11729;10614;9435;8446;7621;6479;5044;3496;2252;2601;128366
"Cidade Tiradentes";17443;18374;20875;20712;20102;20279;19139;16876;14627;12759;11190;9119;6270;3811;2231;2222;216029
"Consolação";1862;1640;1779;2557;4994;6696;5709;4438;3758;3848;3951;3638;3211;2571;2103;4646;57401
"Cursino";6236;5833;6200;6786;8112;9569;9737;8685;7880;7783;7686;6786;5372;4033;3387;6059;110144
"Ermelino Matarazzo";8134;7963;8855;9229;10027;10717;10220;9257;8496;7607;6653;5617;4243;2902;2060;2748;114728
"Freguesia do Ó";8326;7949;9200;9873;11093;12571;12444;11129;10226;10030;9771;8376;6477;4678;3693;6092;141928
"Grajaú";29442;29219;33489;34125;34181;34844;32868;29623;26908;23092;18891;14662;10517;6589;3893;4136;366479
"Guaianases";8160;8127;9255;9634;9696;9691;9147;8240;7458;6516;5579;4575;3364;2249;1502;1794;104987
"Iguatemi";10604;10609;12145;12488;12449;12257;11211;10232;9667;8535;7004;5430;3811;2440;1487;1541;131910
"Ipiranga";6052;5702;6180;6759;8009;9414;9571;8806;8008;7573;7137;6249;5065;3856;3177;6452;108010
"Itaim Bibi";4603;3620;3272;3740;5441;8248;9996;8984;7080;6454;6426;6172;5388;4210;3183;6887;93704
"Itaim Paulista";17272;17390;20119;21010;21007;20856;19283;17390;16247;14566;12367;9749;7128;4865;3234;3587;226070
"Itaquera";14692;14522;16641;17073;17501;18338;18114;16975;15518;13613;11712;9766;7588;5506;3922;4661;206142
"Jabaquara";14222;13426;14778;15545;17682;20573;20986;18714;16776;15687;14198;11940;9202;7009;5469;8695;224902
"Jaçanã";6208;6427;7185;7336;7881;8635;8449;7434;6504;6015;5658;4880;3884;2848;2239;3352;94935
"Jaguara";1355;1320;1465;1540;1823;2157;2167;1924;1736;1699;1688;1526;1289;971;744;1299;24703
"Jaguaré";3406;3327;3574;3705;4194;4943;5060;4452;3745;3269;2781;2307;1888;1474;1150;1687;50962
"Jaraguá";14195;14357;16616;16746;16983;17665;17132;15635;14041;12448;10779;8477;6040;3999;2611;2847;190571
"Jardim Ângela";25489;25360;28260;28222;28240;29146;28041;25465;22410;17876;14303;11286;8067;5140;3207;3376;303888
"Jardim Helena";10793;10360;11894;12415;12462;12447;11642;10522;9610;8356;7016;5639;4261;2985;2061;2334;134797
"Jardim Paulista";3678;3009;2947;3426;5396;8374;9330;7763;6377;6107;6183;6012;5401;4435;3424;7354;89216
"Jardim São Luís";20082;19686;22114;22424;24302;26829;26070;23314;20416;17354;14724;12031;8989;6041;4016;4721;273113
"José Bonifácio";8621;9089;10152;10134;10392;11637;12189;10737;9020;7739;7012;6579;5376;3457;2185;2480;126799
"Lajeado";13410;13208;15310;15974;15917;15459;14141;13080;11904;10107;8509;6736;4853;3216;2115;2422;166361
"Lapa";3190;2907;2952;3224;4110;5240;5764;5346;4871;4885;4821;4338;3642;2953;2544;5391;66178
"Liberdade";3541;3001;3086;3692;5341;7156;7257;6205;5213;4707;4546;4150;3536;2648;2056;3810;69945
"Limão";5195;4790;5271;5617;6501;7245;7047;6306;5612;5241;5029;4493;3613;2609;2019;3334;79922
"Mandaqui";5977;5858;6728;7300;8245;9109;9169;8842;8469;8192;7543;6227;4975;3835;2983;4571;108023
"Marsilac";571;650;816;821;744;666;615;538;538;541;501;412;310;214;153;183;8273
"Moema";3934;3451;3344;3665;4878;6828;8179;7817;6631;6342;6356;6048;5205;3748;2785;5619;84830
"Moóca";4025;3567;3694;4215;5354;6377;6645;6268;5865;5670;5418;4763;3812;3037;2628;5487;76825
"Morumbi";2962;2726;3026;3092;3417;3904;4148;4010;3765;3537;3198;2758;2320;1827;1396;2163;48249
"Parelheiros";11214;11219;13116;13253;12490;12115;11621;10832;9905;8339;6888;5290;3752;2411;1477;1561;135483
"Pari";1250;1088;1135;1219;1523;1695;1499;1315;1216;1119;998;808;704;569;508;1028;17674
"Parque do Carmo";5002;5039;5571;5626;5982;6481;6274;5645;5044;4354;3814;3221;2535;1731;1178;1476;68973
"Pedreira";11031;11245;12660;13025;13544;14000;13491;12217;10992;9378;7924;6290;4564;3009;1915;2312;147597
"Penha";7123;6864;7607;8231;9654;11017;10771;9791;9296;9181;8701;7571;6301;4914;4087;7091;128200
"Perdizes";4981;4700;4691;5228;7472;10170;10891;9345;8021;7901;8138;7768;6736;4967;3688;7396;112093
"Perus";6510;6335;7311;7439;7521;7370;7064;6706;6210;5295;4286;3328;2468;1650;1115;1340;81948
"Pinheiros";2835;2488;2476;2740;3872;5837;6634;5659;4820;4694;4623;4367;3754;3012;2432;5304;65547
"Pirituba";10661;10267;11379;12061;13454;15088;14913;13369;12384;11902;11065;9389;7316;5368;4038;5985;168639
"Ponte Rasa";5618;5622;6435;6800;7490;8272;7819;6966;6619;6475;6207;5319;4167;3150;2467;3582;93008
"Raposo Tavares";7576;7335;7963;8037;8548;9570;9822;8782;7509;6354;5486;4700;3735;2630;1675;1919;101641
"República";2878;2248;2229;2665;4553;6696;6593;5583;4821;4265;3824;3279;2645;1993;1480;2399;58151
"Rio Pequeno";8386;7485;8177;8460;9760;11341;11237;9923;8906;8183;7313;6026;4693;3413;2589;3689;119581
"Sacomã";16134;16047;17474;18251;20554;23607;23471;20917;18691;17235;15489;12843;9763;7073;5443;8210;251202
"Santa Cecília";4093;3435;3572;4176;6222;8557;8610;7313;6476;6074;5726;5160;4311;3338;2634;5170;84867
"Santana";5499;4986;5645;6504;8306;10174;10020;8859;8320;8612;8770;8086;6653;4995;4115;8015;117559
"Santo Amaro";3486;3352;3533;3766;4458;5434;5993;5918;5508;5408;5225;4764;4182;3476;2762;5078;72343
"São Domingos";5328;5317;5824;6102;6777;7597;7475;6793;6382;6030;5434;4532;3670;2823;2146;2939;85169
"São Lucas";8164;8204;8857;9482;11021;12518;12223;11017;10269;10342;9634;8164;6631;5166;4294;6600;142586
"São Mateus";10543;10388;11991;12478;13260;14227;13444;12178;11281;10433;9352;7711;5986;4387;3269;4118;155046
"São Miguel";6498;5931;6910;7356;7889;8095;7418;6836;6611;6262;5563;4484;3455;2717;2155;3142;91322
"São Rafael";11089;11971;13561;13512;13182;13142;12731;12012;11006;9420;7541;5875;4478;3208;2122;2243;147093
"Sapopemba";19828;19811;22411;23443;25210;26526;24781;22202;20392;18969;17044;14133;10921;7752;5556;6681;285660
"Saúde";6097;5467;5599;6231;8368;11486;12622;11075;9805;9584;9670;8949;7394;5802;4584;8919;131652
"Sé";1579;1326;1518;1644;2216;2717;2634;2492;2101;1592;1280;979;723;554;402;547;24304
"Socorro";1889;1850;2070;2228;2617;3114;3161;2929;2708;2686;2602;2347;2019;1706;1344;2143;37413
"Tatuapé";4320;4238;4764;5313;6411;7479;7689;7329;7066;7285;6992;6033;4776;3681;3111;6185;92672
"Tremembé";14398;14011;16116;16957;17677;18224;17451;16287;14995;13378;11659;9650;7372;5235;3778;5397;202585
"Tucuruvi";4788;4632;5132;5749;7185;8524;8385;7380;6796;6862;7013;6517;5304;4117;3437;6296;98117
"Vila Andrade";10217;10448;10978;10708;11976;13178;13299;12419;10662;8847;6965;5108;3652;2444;1605;1974;134480
"Vila Curuçá";10734;11159;13069;13576;13485;13618;12735;11864;10998;9607;8037;6473;5027;3642;2585;3152;149761
"Vila Formosa";4984;4996;5750;6265;7172;7962;7635;6919;6651;6902;6812;5970;4805;3684;2998;5222;94727
"Vila Guilherme";3287;2972;3245;3395;4006;4779;4920;4448;3897;3674;3593;3224;2625;2047;1700;3129;54941
"Vila Jacuí";9981;10630;12042;12547;13169;13578;12627;11263;10295;9391;8259;6593;4713;3131;2125;2628;142972
"Vila Leopoldina";2392;2210;2199;2290;2786;3544;4177;4203;3510;3110;2668;2118;1616;1184;943;1787;40737
"Vila Maria";7837;7410;8126;8549;9748;10883;10231;8845;7871;7239;6568;5516;4322;3241;2646;4474;113506
"Vila Mariana";5459;4785;4897;5854;8815;12570;13019;10657;9068;9129;9499;9208;7960;5974;4521;9526;130941
"Vila Matilde";5978;5931;6630;7147;8109;9024;8893;8143;7630;7432;7028;6203;4984;3857;3064;5087;105140
"Vila Medeiros";8143;7687;8530;9180;10569;11663;10868;9493;8717;8457;8239;7179;5758;4441;3590;5915;128429
"Vila Prudente";5654;5399;5905;6467;7866;9258;9169;8103;7425;7458;7238;6339;5164;4037;3293;5601;104376
"Vila Sônia";7208;6696;7140;7624;8986;10366;10457;9356;8229;7385;6714;5870;4806;3583;2644;4216;111280
"Total";752990;732283;816708;853960;941136;1044945;1027781;925598;832318;759543;685516;581085;456646;333244;248191;387170;11379114
Fonte: Fundação SEADE, 1996 a 2023
