População residente projetada em 01 de julho segundo ano, sexo, faixa etária e local de residência. Município de São Paulo
Populacao por Dist Adm (DA) e Faixa Etária
Período:2015
"Dist Adm (DA)";"00 a 04";"05 a 09";"10 a 14";"15 a 19";"20 a 24";"25 a 29";"30 a 34";"35 a 39";"40 a 44";"45 a 49";"50 a 54";"55 a 59";"60 a 64";"65 a 69";"70 a 74";"75 e mais";"Total"
"Água Rasa";4897;3852;4024;4667;5171;6316;6826;6914;6068;5740;6149;5778;4852;3953;2979;5774;83960
"Alto de Pinheiros";1769;1712;1745;2012;2391;2950;3093;3441;2971;2924;3337;3044;2815;2395;1897;3617;42113
"Anhanguera";5634;5341;5925;7376;7214;7269;6659;6330;6252;5841;4478;3199;2149;1244;702;727;76340
"Aricanduva";5374;4772;5246;6278;6169;7130;7448;6811;6370;6159;5693;5287;4338;3591;2687;4087;87440
"Artur Alvim";6382;5796;6096;7327;7369;8580;9323;8838;7711;6657;6427;5811;5104;4098;2959;4097;102575
"Barra Funda";1033;741;709;714;841;1247;1503;1453;1249;949;947;919;772;680;454;989;15200
"Bela Vista";4196;2714;2445;2723;3649;7098;9196;7672;5689;4835;4484;4237;3783;3048;2098;3813;71680
"Belém";4267;2561;2387;2624;2764;4064;4754;4234;3406;2888;2942;2598;2322;1692;1249;2664;47416
"Bom Retiro";3055;2172;2141;2371;2545;3600;3724;3369;2565;2316;2074;1816;1542;1095;807;1579;36771
"Brás";2971;1681;1747;1944;2143;3141;3322;2947;2437;2048;1792;1618;1226;898;608;875;31398
"Brasilândia";24167;18890;21355;25194;23312;24483;24074;21637;19154;17791;14812;12367;9332;6902;4392;5649;273511
"Butantã";2864;2293;2304;2546;3032;4740;5630;4953;3994;3603;3593;3422;3142;2582;1917;3547;54162
"Cachoeirinha";11824;9593;10336;11964;11765;12768;13107;11945;10164;9437;8426;7434;5555;4056;2603;3641;144618
"Cambuci";2598;2145;2059;2239;2313;3072;3585;3591;3169;2682;2499;2344;1947;1470;1152;2269;39134
"Campo Belo";3602;3062;2966;3104;3249;4598;5512;5689;5166;4495;4540;4299;3960;3235;2629;4721;64827
"Campo Grande";6099;5700;5783;6728;6834;7607;8714;9317;8446;8170;7650;6683;5340;4029;2877;4269;104246
"Campo Limpo";16823;15019;15609;18425;17242;19806;20921;20004;17306;14671;12134;10669;8178;5804;3607;4451;220669
"Cangaíba";9967;7956;8714;10615;10558;12186;12098;10877;9915;9407;8868;7706;6064;4522;3252;4451;137156
"Capão Redondo";22971;19321;21141;24612;23315;26124;26641;24435;21151;18604;15177;12881;10201;7211;4491;4647;282923
"Carrão";4528;4000;4361;5235;5532;6487;6891;6796;6244;5903;6186;5565;4698;3886;2859;5264;84435
"Casa Verde";5852;4580;4810;5568;5677;7224;7691;7178;6046;5564;5623;5302;4435;3444;2558;4449;86001
"Cidade Ademar";22016;17992;19099;22257;22095;25545;25651;24008;20644;18187;15302;13500;10724;8022;5362;6666;277070
"Cidade Dutra";14577;12257;13643;16178;15757;17632;17651;16665;14726;13620;11891;10600;8407;6431;4075;4833;198943
"Cidade Líder";9369;8165;8989;10412;10518;11600;11995;11200;9872;8780;7830;7041;5652;4191;2658;2883;131155
"Cidade Tiradentes";17913;16678;19217;22057;20485;20113;19989;17998;15547;13426;11693;10173;7776;4838;2769;2564;223236
"Consolação";2239;1634;1641;1922;3234;6702;6582;5130;3979;3568;3967;3834;3372;2922;2154;4591;57471
"Cursino";6876;5827;5857;6561;7153;8800;9962;9479;8106;7637;7735;7443;6109;4613;3337;6308;111803
"Ermelino Matarazzo";8586;7555;7991;9379;9246;10495;10498;9609;8617;8007;6937;6046;4912;3430;2216;2947;116471
"Freguesia do Ó";9312;7348;8012;9848;9863;11727;12575;11701;10139;9654;9593;9142;7171;5355;3627;6188;141255
"Grajaú";31873;26717;29882;35511;33416;34223;33851;30649;27392;25049;20422;16571;12233;8353;4696;4629;375467
"Guaianases";8820;7365;8306;9694;9559;9560;9307;8533;7556;6912;5797;4975;3882;2659;1672;1936;106533
"Iguatemi";11784;9888;11252;13285;12854;12608;12035;10641;9869;9377;7801;6244;4637;3034;1826;1767;138902
"Ipiranga";6732;5642;5792;6643;7171;8737;9827;9340;8413;7676;7383;6797;5656;4399;3187;6428;109823
"Itaim Bibi";5273;4223;3319;3395;4330;6599;9634;10263;8240;6404;6452;6319;5906;4828;3554;6811;95550
"Itaim Paulista";18146;15895;17654;21413;20672;20746;19933;17808;16079;15325;13061;10942;8127;5714;3656;4009;229180
"Itaquera";15624;13458;14665;17732;16664;17742;17918;17305;15814;14400;12204;10488;8418;6217;4264;5129;208042
"Jabaquara";15337;13032;13271;15715;15634;19050;20936;20160;17029;15858;14780;13008;10448;7635;5760;8995;226648
"Jaçanã";6205;5989;6540;7580;7272;8251;8593;8002;6755;6031;5668;5285;4252;3262;2227;3521;95433
"Jaguara";1478;1217;1332;1521;1547;1985;2177;2040;1742;1625;1634;1595;1347;1111;757;1292;24400
"Jaguaré";3691;3229;3424;3792;3845;4524;5220;4927;4141;3477;3098;2531;2086;1666;1238;1856;52745
"Jaraguá";15747;13295;15361;18324;17139;17674;17789;16699;14868;13339;11598;9857;7197;4888;3037;3258;200070
"Jardim Ângela";27114;24300;26112;30328;27789;28528;29028;26978;24079;20898;15626;12915;9685;6509;3836;3934;317659
"Jardim Helena";11704;9371;10249;12467;11947;12084;11709;10575;9469;8737;7218;6064;4637;3381;2199;2528;134339
"Jardim Paulista";4360;3283;2868;3108;3895;6861;9544;9156;6941;6005;6126;6120;5767;4922;3822;7268;90046
"Jardim São Luís";22056;18375;20220;23512;22474;25957;26942;24758;21628;18896;15651;13348;10410;7361;4592;5300;281480
"José Bonifácio";8508;8691;9453;11002;10190;10804;12179;12123;9815;8412;7162;6684;6167;4521;2558;2853;131122
"Lajeado";14228;12245;13256;16420;15610;15715;14533;13087;12276;10901;8891;7566;5598;3849;2377;2662;169214
"Lapa";3508;3019;2893;3146;3563;4723;5683;5850;5059;4756;4938;4657;3994;3228;2530;5344;66891
"Liberdade";4253;3124;2934;3270;4177;6336;7676;6918;5725;4850;4548;4439;3822;3165;2150;3931;71318
"Limão";5961;4463;4758;5443;5642;6887;7045;6601;5696;5151;4873;4679;3918;2985;1984;3331;79417
"Mandaqui";6483;5510;5980;7287;7537;8844;9118;8915;8500;8134;7879;6942;5393;4284;3112;4796;108714
"Marsilac";515;581;671;912;760;717;602;586;476;547;499;461;346;250;162;203;8288
"Moema";4182;3829;3321;3601;4158;5833;7830;8588;7469;6220;6479;6279;5830;4697;3065;5832;87213
"Moóca";4618;3728;3570;4043;4817;6124;6750;6684;6080;5761;5588;5219;4328;3303;2605;5440;78658
"Morumbi";3628;2619;2871;3325;3257;3756;4111;4239;3913;3703;3439;3024;2537;2094;1552;2362;50430
"Parelheiros";12616;10341;11933;14403;13260;12271;11934;11302;10384;9402;7468;6237;4430;3044;1783;1785;142593
"Pari";1564;1077;1103;1195;1308;1717;1667;1392;1257;1174;1061;924;701;651;460;1031;18282
"Parque do Carmo";5282;4637;5157;5793;5577;6201;6421;5909;5224;4683;3905;3505;2786;2115;1285;1611;70091
"Pedreira";11210;10717;11473;13657;13233;14152;13824;13027;11416;10411;8441;7266;5370;3758;2301;2594;152850
"Penha";7830;6534;6975;8090;8630;10557;11159;10241;9200;9034;8899;8138;6732;5488;3999;7270;128776
"Perdizes";5337;4772;4711;4871;5876;9033;11041;10789;8498;7708;7976;8117;7316;6061;4010;7469;113585
"Perus";7318;5866;6542;7878;7396;7689;7038;6860;6359;5850;4694;3773;2802;2014;1225;1468;84772
"Pinheiros";3184;2616;2415;2567;2959;4634;6721;6503;5116;4591;4700;4482;4151;3328;2595;5267;65829
"Pirituba";11432;9800;10261;12054;12208;14224;15156;14135;12300;11851;11294;10231;8171;6093;4244;6279;169733
"Ponte Rasa";5760;5180;5597;6813;6676;7789;8079;7132;6342;6291;6050;5737;4513;3438;2483;3736;91616
"Raposo Tavares";8559;6704;7540;8143;8041;8811;9742;9448;7974;6867;5702;5013;4155;3122;2024;2142;103987
"República";3737;2429;2175;2393;3157;6071;7215;6238;5169;4556;4006;3588;2934;2288;1620;2487;60063
"Rio Pequeno";10278;6961;7534;8434;8478;10505;11410;10556;8992;8334;7566;6631;5155;3924;2655;3923;121336
"Sacomã";16809;15385;16278;18451;18907;22237;24316;22432;19437;17668;16363;14272;11258;8162;5716;8803;256494
"Santa Cecília";5027;3591;3399;3891;4815;7734;9262;8235;6774;6266;5875;5497;4739;3777;2763;5122;86767
"Santana";6351;4761;4923;6045;6836;9295;10334;9328;8097;7994;8505;8343;7275;5623;3993;7920;115623
"Santo Amaro";3777;3352;3449;3825;4129;4998;5903;6161;5833;5343;5442;5021;4468;3796;2996;5171;73664
"São Domingos";5471;5052;5341;6115;6185;7158;7635;7076;6327;6133;5652;4974;3940;3149;2275;3177;85660
"São Lucas";8181;7918;8205;9290;9855;11922;12637;11562;10280;9859;10211;8775;7258;5684;4252;7048;142937
"São Mateus";11349;9451;10464;12672;12136;13546;13853;12329;11253;10494;9576;8396;6528;4934;3393;4486;154860
"São Miguel";7599;5347;5872;7312;7116;7970;7517;6695;6252;6177;5629;4863;3662;2788;2155;3152;90106
"São Rafael";11105;11004;12661;14421;13311;13048;12950;12394;11563;10422;8553;6653;5092;3767;2530;2619;152093
"Sapopemba";20919;18179;20036;23515;23285;25911;25646;22872;20465;19066;17589;15369;12094;9001;5935;7432;287314
"Saúde";6850;5642;5395;5900;6767;9748;12713;12489;10174;9503;9531;9577;8271;6509;4945;9083;133097
"Sé";2393;1165;1416;1591;1751;2631;2728;2498;2397;1840;1371;1147;808;602;448;575;25361
"Socorro";2142;1651;1911;2125;2293;2787;3204;2959;2746;2519;2625;2395;2114;1746;1442;2179;36838
"Tatuapé";4864;4036;4481;5247;5887;7163;7837;7651;7171;7017;7421;6602;5483;4105;3116;6253;94334
"Tremembé";16316;13293;14729;17845;17639;18374;18205;16957;15777;14347;12508;10746;8497;6166;4130;5742;211271
"Tucuruvi";5176;4415;4676;5448;6119;8037;8652;7947;6772;6560;6769;6822;5910;4503;3415;6369;97590
"Vila Andrade";10400;10657;11158;12314;11931;14005;14036;13801;12258;10209;8373;6346;4484;3157;1984;2351;147464
"Vila Curuçá";11041;10003;11461;13889;13302;13260;13188;11736;11235;10149;8592;7055;5511;4153;2803;3438;150816
"Vila Formosa";5229;4690;5097;6222;6462;7729;7924;7212;6488;6504;6867;6421;5307;4096;3015;5337;94600
"Vila Guilherme";3986;2878;3046;3444;3460;4395;4958;4830;4155;3670;3589;3468;2907;2266;1702;3153;55907
"Vila Jacuí";9404;9903;10660;12749;12398;13418;13072;11682;10364;9635;8614;7430;5533;3748;2360;2869;143839
"Vila Leopoldina";2484;2394;2204;2419;2585;3283;3963;4502;4127;3235;3079;2444;1905;1400;996;1861;42881
"Vila Maria";8758;6865;7401;8357;8557;10274;10698;9323;7975;7270;6681;5958;4731;3594;2562;4524;113528
"Vila Mariana";6329;4933;4709;5146;6651;10693;13830;12391;9557;8666;9312;9401;8740;7045;4882;9392;131677
"Vila Matilde";6248;5652;5999;7091;7395;8696;9052;8517;7623;7338;7153;6564;5550;4195;3166;5182;105421
"Vila Medeiros";8773;7178;7511;8875;9146;11104;11249;9802;8498;8092;7895;7636;6083;4797;3497;5925;126061
"Vila Prudente";5976;5308;5350;6311;6778;8773;9399;8754;7437;7148;7348;6805;5647;4431;3334;5771;104570
"Vila Sônia";8325;6604;6899;7706;8298;9982;10794;10311;8812;7868;7027;6389;5353;4213;2919;4451;115951
"Total";818978;693386;744453;869856;868148;999797;1052547;981624;860205;783751;711506;632778;510863;384683;264801;404422;11581798
Fonte: Fundação SEADE, 1996 a 2023
