População residente projetada em 01 de julho segundo ano, sexo, faixa etária e local de residência. Município de São Paulo
Populacao por Dist Adm (DA) e Faixa Etária
Período:2001
"Dist Adm (DA)";"00 a 04";"05 a 09";"10 a 14";"15 a 19";"20 a 24";"25 a 29";"30 a 34";"35 a 39";"40 a 44";"45 a 49";"50 a 54";"55 a 59";"60 a 64";"65 a 69";"70 a 74";"75 e mais";"Total"
"Água Rasa";4752;4890;5762;6776;7384;6749;6524;6790;6339;5880;5095;4053;3942;3582;3225;4257;86000
"Alto de Pinheiros";1873;2070;2470;3129;4134;3815;3322;3469;3309;3290;2994;2565;2398;1840;1533;2197;44408
"Anhanguera";4546;4299;4177;3775;3730;4010;4362;3663;2806;1957;1252;831;516;321;235;267;40747
"Aricanduva";6977;6809;7724;8614;8918;8203;7590;7350;6709;5875;5126;4041;3613;2781;2006;2180;94516
"Artur Alvim";8160;7786;8825;10281;11162;10054;8818;8348;7561;7322;6316;4920;4062;3027;2216;2194;111052
"Barra Funda";697;692;789;979;1276;1194;977;960;943;835;794;629;546;481;489;855;13136
"Bela Vista";3079;2691;2967;4156;6799;7315;6180;5264;4818;4352;3821;2882;2419;2131;1998;3107;63979
"Belém";2480;2286;2624;3158;3651;3314;2970;3057;2923;2623;2165;1688;1724;1590;1548;2306;40107
"Bom Retiro";1925;1768;1843;2153;2742;2636;2268;2086;1906;1625;1381;1095;1089;862;822;1144;27345
"Brás";2004;1761;1731;2030;2552;2495;2322;2313;2028;1584;1202;879;730;650;575;780;25636
"Brasilândia";26492;23902;24267;25303;25213;23577;21581;19028;15818;12554;9773;6902;5393;3894;2759;3104;249560
"Butantã";2666;2632;3234;4162;5049;4788;4233;4101;3932;3716;3386;2708;2410;1997;1650;2305;52969
"Cachoeirinha";14214;13520;13738;14776;14501;13507;12774;11445;10012;8020;6185;4286;3501;2668;2012;2271;147430
"Cambuci";1768;1569;1825;2285;2635;2395;2334;2242;2171;1953;1689;1343;1300;1136;1171;1738;29554
"Campo Belo";3551;3444;3933;4938;6334;5897;5205;5187;4792;4518;4313;3728;3214;2507;2170;3019;66750
"Campo Grande";6075;6201;7083;7764;8199;7897;8170;8425;7549;6443;5092;3818;3139;2380;1848;2250;92333
"Campo Limpo";18582;16992;17932;19462;20300;19101;17359;15439;13258;10596;8023;5467;4085;2860;2026;2221;193703
"Cangaíba";11345;10959;12209;12866;12739;12307;11733;11489;10023;8211;6558;4912;3995;3111;2405;2608;137470
"Capão Redondo";23742;22246;23627;25450;26275;23979;21557;18618;15985;13030;10016;6824;4827;3024;1941;2304;243445
"Carrão";4752;4841;5800;6417;6486;6185;6001;6377;5870;5232;4560;3744;3553;3040;2582;3415;78855
"Casa Verde";5503;5403;6336;7606;7881;7006;6519;6538;6255;5491;4575;3578;3328;2719;2396;2911;84045
"Cidade Ademar";22357;21030;22753;25139;25701;23345;21507;18853;16299;13494;10888;7956;6191;4397;3055;3423;246388
"Cidade Dutra";17001;16426;18114;19730;19545;17674;16326;15192;13542;11066;8964;6058;4592;3148;2266;2586;192230
"Cidade Líder";10216;9995;10753;11876;11948;10878;10159;9017;8293;7122;5693;3973;2874;2036;1405;1583;117821
"Cidade Tiradentes";21612;20317;20550;20628;18530;17216;16360;14648;13220;10605;7151;4297;2828;1791;1117;1010;191880
"Consolação";1982;1950;2238;3561;5784;5292;4384;4250;4101;3934;3642;2942;2490;2273;2213;3910;54946
"Cursino";6419;6371;7721;8759;9169;8510;8113;8373;7963;6924;5679;4309;4236;3650;3048;3719;102963
"Ermelino Matarazzo";9639;9118;9891;10480;10819;10066;9465;8612;7453;6283;4712;3426;2660;1935;1429;1621;107609
"Freguesia do Ó";10501;10319;11653;13131;13456;12335;12015;11861;11140;9329;7508;5544;4939;4118;3357;3904;145110
"Grajaú";36201;33834;33761;35787;35500;33229;30258;26011;21810;16760;12208;7719;5056;3214;2101;2173;335622
"Guaianases";10355;9864;9957;10391;10132;9290;8455;7327;6415;5279;3843;2692;2014;1326;924;1035;99299
"Iguatemi";11019;10661;10853;11034;10045;9421;9327;8245;7055;5460;4013;2627;1760;1125;667;725;104037
"Ipiranga";6368;6247;6860;8123;8977;8666;7918;7665;7317;6534;5477;4130;3972;3483;3343;4696;99776
"Itaim Bibi";3605;3475;4157;5658;7232;7338;6612;6883;6466;6251;5602;4442;3485;3364;3273;4903;82746
"Itaim Paulista";22201;21484;22218;22826;20723;19605;18476;16256;14071;11096;8357;5683;4264;2937;1854;2009;214060
"Itaquera";19196;18095;18816;19797;19943;18981;17645;15705;13486;11178;8890;6447;5098;3582;2460;2665;201984
"Jabaquara";16421;15552;17222;19235;20322;19721;19004;17918;15983;13096;10468;8052;6961;5476;4539;5481;215451
"Jaçanã";7680;7403;7826;8864;8915;7973;7211;7031;6377;5373;4551;3360;3099;2409;1855;2361;92288
"Jaguara";1587;1650;1920;2297;2406;2146;1916;1979;1895;1740;1550;1135;974;884;733;884;25696
"Jaguaré";3580;3330;3429;3899;4352;4208;3918;3366;2827;2420;2064;1708;1431;1037;808;927;43304
"Jaraguá";14567;13882;14885;15251;14626;13591;13138;12175;10529;8477;6410;4269;2926;1951;1357;1403;149437
"Jardim Ângela";27674;25256;25074;26366;26672;26038;23130;18737;15611;12048;8938;5681;3899;2331;1561;1588;250604
"Jardim Helena";14688;13850;14034;14545;13918;13068;11943;10442;8725;6914;5367;3750;2967;1947;1402;1398;138958
"Jardim Paulista";3032;3007;3515;5153;7865;7737;6501;6431;6270;6348;6038;4970;4050;3460;3532;6398;84307
"Jardim São Luís";22979;21079;22350;24957;25656;24289;22049;19129;16232;13061;10057;6821;5169;3529;2387;2568;242312
"José Bonifácio";9021;8593;9607;11489;11863;9740;8402;7520;7703;7539;6171;3931;2834;1835;1335;1285;108868
"Lajeado";17564;16706;16769;16528;15699;14854;13734;11866;9814;7584;5672;3910;2877;1944;1323;1427;158271
"Lapa";2757;2853;3444;4328;5004;4744;4532;4814;4632;4338;3852;3130;3001;2773;2593;4017;60812
"Liberdade";3337;3116;3605;4716;6200;6286;5423;5068;4825;4296;3781;2840;2396;2041;1940;2936;62806
"Limão";6115;5861;6554;7545;8140;7013;6327;6226;5976;5331;4342;3213;2852;2304;1924;2316;82039
"Mandaqui";7219;7139;8081;9014;9339;8913;8897;9013;8098;6712;5554;4259;3671;3019;2261;2637;103826
"Marsilac";989;927;963;890;733;599;609;588;529;401;315;240;214;168;100;106;8371
"Moema";3260;3115;3740;4847;6326;6213;5878;6310;6031;5987;5258;3769;2922;2574;2518;3797;72545
"Moóca";3210;3251;3932;4703;5226;4953;4827;5268;4967;4441;3746;3177;3156;3032;2765;3938;64592
"Morumbi";2353;2307;2460;2899;3469;3323;3093;2933;2689;2422;2235;1768;1346;959;748;997;36001
"Parelheiros";12264;11463;11266;11051;10408;9740;9309;7834;6756;5068;3698;2353;1622;1097;693;798;105420
"Pari";935;829;935;1192;1438;1335;1188;1094;1033;940;791;707;653;594;604;815;15083
"Parque do Carmo";6011;5756;6250;6664;6544;6035;5682;4926;4295;3619;2885;1927;1467;1022;667;794;64544
"Pedreira";13309;12402;12733;13362;13562;12553;11681;9921;8373;6624;4936;3284;2269;1591;1082;1198;128880
"Penha";8038;7879;9012;10560;10950;10229;9718;9845;9148;8109;6980;5524;5209;4594;3991;5077;124863
"Perdizes";4626;4774;5763;7467;9494;8665;8013;8548;8572;7994;6976;5192;4378;3849;3595;5525;103431
"Perus";7590;7007;6943;6892;7135;6990;6607;5541;4636;3514;2813;1855;1462;1056;695;821;71557
"Pinheiros";2588;2465;3067;4165;5466;5641;5138;5270;4868;4833;4129;3338;2904;2507;2750;4242;63371
"Pirituba";12559;12086;13576;14981;15012;14285;13889;13414;12259;10275;8258;5994;5176;4026;3155;3627;162572
"Ponte Rasa";7402;7294;8188;9327;9154;8417;8073;7784;7245;6186;5040;3842;3353;2499;2002;2146;97952
"Raposo Tavares";8426;7988;8330;9585;9663;8958;8121;7052;6248;5292;4262;2855;2017;1360;885;1074;92116
"República";2535;2084;2183;3135;4965;5556;4942;4298;3899;3329;2959;2270;1962;1503;1263;1863;48746
"Rio Pequeno";9350;8671;9665;10910;11158;10274;9571;9090;8048;6893;5423;3891;3385;2529;1790;1941;112589
"Sacomã";18446;17682;19146;21250;22052;21104;20539;19281;17094;13839;10606;7903;6848;5423;4312;4933;230458
"Santa Cecília";3697;3274;3717;4915;6941;7079;6258;5894;5626;5120;4494;3427;3007;2649;2500;4032;72630
"Santana";6088;6342;7802;9364;12284;11129;9960;10127;9783;9001;7261;5624;5142;4598;4184;5593;124282
"Santo Amaro";2628;2804;3496;4553;5632;4822;4434;4681;4619;4646;4376;3787;3157;2554;2315;3319;61823
"São Domingos";6515;6038;6617;7455;8207;7729;7307;6720;5904;4963;4174;3380;2771;2058;1572;1645;83055
"São Lucas";9669;9754;10958;12071;12483;11768;11529;11822;10394;8982;7493;5915;5428;4344;3544;3746;139900
"São Mateus";13550;13040;14298;15341;14868;14033;13420;12531;10909;8960;7266;5221;4234;3183;2145;2244;155243
"São Miguel";8576;8044;8806;9343;9267;8746;8291;7520;6569;5286;4312;3475;2988;2386;1727;1978;97314
"São Rafael";13465;12437;12310;12527;12521;12411;11483;9712;7901;6415;5116;3700;2645;1726;1074;1142;126585
"Sapopemba";25359;24704;26635;28637;27599;25479;23986;22286;19704;16307;12970;9080;7540;5187;3560;3550;282583
"Saúde";5684;5808;6928;8645;10034;10298;9830;9946;9658;8827;7517;5832;5150;4648;4400;6271;119476
"Sé";1425;1197;1309;1577;2283;2259;1930;1739;1571;1305;1052;783;606;537;415;503;20491
"Socorro";2096;2292;2781;3428;3706;3308;2931;3023;2909;2694;2403;2012;1731;1354;1035;1369;39072
"Tatuapé";4105;4172;5069;6030;6546;6350;6186;6669;6429;5805;4797;3899;3703;3445;3187;4284;80676
"Tremembé";15354;13952;14843;15876;16358;15661;14173;13046;11504;9435;7547;5517;4577;3370;2543;3108;166864
"Tucuruvi";5529;5610;6949;8347;8845;8003;7329;7614;7588;7001;5891;4866;4418;3838;3405;4321;99554
"Vila Andrade";8358;7255;7015;7227;8420;8514;7683;6691;5268;4035;3008;1868;1316;805;568;656;78687
"Vila Curuçá";14982;14176;14800;15106;14260;13697;12755;11119;9328;7459;5953;4408;3428;2318;1538;1743;147070
"Vila Formosa";5969;6055;6989;8166;8472;7723;7247;7450;7072;6301;5202;4266;3876;3235;2766;3272;94061
"Vila Guilherme";2934;2996;3486;4230;4730;4339;3733;3800;3699;3340;2847;2331;2228;1972;1671;2146;50482
"Vila Jacuí";14501;13659;14395;14520;14092;13206;12337;11049;9505;7608;5535;3864;2806;2001;1406;1492;141976
"Vila Leopoldina";1716;1665;1848;2323;2537;2472;2342;2506;2226;1904;1499;1144;1049;876;825;1101;28033
"Vila Maria";9355;8772;9330;10443;11211;10542;9267;8807;7703;6580;5400;4085;3725;3097;2501;3217;114035
"Vila Mariana";5298;5327;6611;8950;11577;11157;9751;9774;9844;9633;8334;6439;5209;4671;4508;7432;124515
"Vila Matilde";6981;7033;8112;9082;9263;8687;8209;8136;7643;6671;5585;4566;3875;3326;2843;3312;103324
"Vila Medeiros";10297;10007;11202;12918;13352;12152;11107;10945;10073;8587;7121;5491;5069;4236;3410;3899;139866
"Vila Prudente";6504;6498;7451;8675;9232;8476;8027;8277;7753;6874;5740;4531;4135;3525;2973;3930;102601
"Vila Sônia";6830;6504;7033;8169;8640;8072;7730;7120;6608;5670;4751;3487;2781;2170;1728;2295;89588
"Total";863432;822619;886448;978985;1022556;961573;892057;830803;743615;630874;510712;377054;312287;244412;197627;250313;10525367
Fonte: Fundação SEADE, 1996 a 2023
